00
00
00
00
00
00
00
00
00
80
00
00
00
00
00
00
07
00
00
00
00
00
00
00
00
03
7f
28
00
15
15
15
66
00
0d
a2
00
0f
04
08
00
20
00
80
00
07
15
15
15
00
07
00
3f
00
00
00
00
00
00
00
00
00
00
3f
dd
0d
00
00
00
00
00
00
00
00
00
00
00
00
00
00
00
11
11
11
00
00
00
3f
dd
0d
00
00
00
00
00
00
00
00
00
00
00
00
00
00
00
11
11
11
00
00
00
3f
dd
0d
00
00
00
00
00
00
00
00
00
00
00
00
00
00
00
11
11
11
00
00
00
3f
dd
0d
00
00
00
00
00
00
00
00
00
00
00
00
00
00
00
11
11
11
00
00
00
3f
dd
0d
00
00
00
00
00
00
00
00
00
00
00
00
00
00
00
11
11
11
00
00
00
3f
dd
0d
00
00
00
00
00
00
00
00
00
00
00
00
00
00
00
11
11
11
00
00
00
3f
dd
0d
00
00
00
00
00
00
00
00
00
00
00
00
00
00
00
11
11
11
00
00
00
00
00
70
00
00
00
00
00
00
00
00
3f
3f
38
00
00
00
07
00
00
00
00
00
7c
11
00
0c
11
00
0f
11
11
0f
00
11
0f
00
11
08
00
00
00
28
00
00
00
00
00
00
00
15
00
00
00
00
00
00
00
00
00
00
00
ff
ff
ff
40
40
40
2a
2a
2a
00
00
ff
ff
ff
40
40
40
2a
2a
2a
5d
5d
5d
aa
0a
07
00
ff
ff
ff
ff
ff
ff
ff
99
99
99
99
99
0c
11
00
0c
11
00
0f
11
11
0f
00
11
0f
00
11
0c
11
00
0c
11
00
0f
11
11
0f
00
11
0f
00
11
00
00
00
aa
01
02
01
